[gd_scene load_steps=15 format=3 uid="uid://cxpgrutpe8t0g"]

[ext_resource type="Script" path="res://menus/ui/menu_start.gd" id="1_8fpry"]
[ext_resource type="Texture2D" uid="uid://4kdnhlmryqgr" path="res://assets/2d_placeholder_assets/Background/Brown.png" id="1_o7ol7"]
[ext_resource type="Script" path="res://menus/ui/PathFollow2D.gd" id="2_gwbj6"]
[ext_resource type="PackedScene" uid="uid://bui456a5evhs7" path="res://menus/ui/button.tscn" id="2_gwq5k"]
[ext_resource type="Texture2D" uid="uid://cxy5a1fi6jcjo" path="res://assets/icon.svg" id="4_kvf1d"]
[ext_resource type="PackedScene" uid="uid://bbd5b3v7hytn0" path="res://enemies/target.tscn" id="5_aov6v"]

[sub_resource type="Curve2D" id="Curve2D_auplt"]
_data = {
"points": PackedVector2Array(0, 0, 0, 0, 0, -220, 0, 0, 0, 0, 0, -200, 0, 0, 0, 0, 0, -220)
}
point_count = 3

[sub_resource type="CapsuleMesh" id="CapsuleMesh_yluua"]

[sub_resource type="PlaneMesh" id="PlaneMesh_6w8ko"]
size = Vector2(10, 10)

[sub_resource type="StandardMaterial3D" id="StandardMaterial3D_2baja"]
albedo_texture = ExtResource("4_kvf1d")

[sub_resource type="BoxMesh" id="BoxMesh_ud0e6"]

[sub_resource type="PhysicalSkyMaterial" id="PhysicalSkyMaterial_053io"]

[sub_resource type="Sky" id="Sky_85ocp"]
sky_material = SubResource("PhysicalSkyMaterial_053io")

[sub_resource type="Environment" id="Environment_pxci2"]
background_mode = 2
sky = SubResource("Sky_85ocp")
sdfgi_enabled = true

[node name="menu_start" type="Node2D"]
position = Vector2(584, 424)
script = ExtResource("1_8fpry")

[node name="Brown" type="Sprite2D" parent="."]
visible = false
scale = Vector2(20, 20)
texture = ExtResource("1_o7ol7")

[node name="Path2D" type="Path2D" parent="."]
position = Vector2(0, -100)
curve = SubResource("Curve2D_auplt")

[node name="PathFollow2D" type="PathFollow2D" parent="Path2D"]
position = Vector2(0, -220)
progress = 83.95
rotates = false
script = ExtResource("2_gwbj6")

[node name="Panel" type="Panel" parent="Path2D/PathFollow2D"]
offset_left = -250.0
offset_top = -75.0
offset_right = 250.0
offset_bottom = 75.0
metadata/_edit_use_anchors_ = true

[node name="Label" type="Label" parent="Path2D/PathFollow2D/Panel"]
layout_mode = 0
offset_right = 500.0
offset_bottom = 150.0
theme_override_font_sizes/font_size = 50
text = "Grill of the hunt"
horizontal_alignment = 1
vertical_alignment = 1
metadata/_edit_use_anchors_ = true

[node name="button" parent="." instance=ExtResource("2_gwq5k")]
text = "start"
metadata/_edit_use_anchors_ = true

[node name="Node3D" type="Node3D" parent="."]

[node name="MeshInstance3D" type="MeshInstance3D" parent="Node3D"]
transform = Transform3D(0.938391, -0.323158, 0.122442, 0.320442, 0.946345, 0.0418115, -0.129384, 0, 0.991595, 2.84513, 2.08859, 0.0330122)
mesh = SubResource("CapsuleMesh_yluua")

[node name="MeshInstance3D2" type="MeshInstance3D" parent="Node3D"]
mesh = SubResource("PlaneMesh_6w8ko")

[node name="MeshInstance3D3" type="MeshInstance3D" parent="Node3D"]
transform = Transform3D(0.4, 0, 0, 0, 0.4, 0, 0, 0, 0.4, -1.55557, 0.612572, -1.16066)
material_override = SubResource("StandardMaterial3D_2baja")
mesh = SubResource("BoxMesh_ud0e6")

[node name="MeshInstance3D4" type="MeshInstance3D" parent="Node3D"]
transform = Transform3D(0.346703, 0, -0.199492, 0, 0.4, 0, 0.199492, 0, 0.346703, -1.55557, 0.175556, -0.053134)
material_override = SubResource("StandardMaterial3D_2baja")
mesh = SubResource("BoxMesh_ud0e6")

[node name="MeshInstance3D5" type="MeshInstance3D" parent="Node3D"]
transform = Transform3D(0.123534, 0, -0.380446, 0, 0.4, 0, 0.380446, 0, 0.123534, -0.480254, 0.175556, -2.06669)
material_override = SubResource("StandardMaterial3D_2baja")
mesh = SubResource("BoxMesh_ud0e6")

[node name="DirectionalLight3D" type="DirectionalLight3D" parent="Node3D"]
transform = Transform3D(-0.118626, -0.58992, 0.798701, 0.335685, 0.733192, 0.591392, -0.934475, 0.338267, 0.111052, 6.58494, 7.70247, 1.36871)
shadow_enabled = true
shadow_transmittance_bias = 16.0
shadow_opacity = 0.5
shadow_blur = 5.0

[node name="WorldEnvironment" type="WorldEnvironment" parent="Node3D"]
environment = SubResource("Environment_pxci2")

[node name="Camera3D" type="Camera3D" parent="."]
transform = Transform3D(0.767165, 0.196088, -0.610743, 0, 0.952129, 0.305695, 0.64145, -0.234519, 0.73044, -3.11739, 2.6961, 4.11261)

[node name="target" parent="." instance=ExtResource("5_aov6v")]
transform = Transform3D(-0.266481, 0, -0.96384, 0, 1, 0, 0.96384, 0, -0.266481, 1.71856, -0.648788, -2.84906)

[connection signal="pressed" from="button" to="." method="_on_button_pressed"]
